9. LEVEL - ENGINE CAPABILITES DEMO  >>>experimental<<
723
4
7
23
r 16
u 14
f 14
j 16
h 16
t 16
f 17
o 13
i 3
e 10
m 12
z 20
s 16
y 16
r 6
q 10
i 20
x 12
l 9
w 16
n 5
e 20
y 13
1
16
18 36 3 6 101 102 0 5 25 28 24 29 23 30 22 31 21 32
3 6 31 46 102 105 0 5 10 16 9 16 8 16 7 15 6 14
5 32 18 36 104 101 0 5 13 41 12 42 11 42 10 41 10 40
17 3 34 35 105 119 0 5 18 15 17 14 16 13 17 12 16 11
4 54 35 48 106 110 0 5 15 50 14 51 13 52 12 53 11 53
33 87 35 48 108 110 0 5 36 79 37 80 36 81 37 82 36 83
18 71 14 40 109 111 0 5 23 63 24 64 25 65 24 66 25 67
14 40 31 46 111 105 0 5 25 42 24 41 23 40 22 39 21 40
29 57 10 71 113 102 0 5 22 68 23 68 24 67 25 66 24 65
2 72 29 57 114 113 0 5 1 64 2 65 1 66 2 67 1 68
21 48 31 73 115 120 0 5 20 60 19 59 20 58 19 57 20 56
8 90 34 35 116 119 0 5 1 84 2 85 1 86 2 87 3 88
2 90 36 68 117 121 0 5 13 91 12 90 11 89 10 89 9 89
34 35 2 90 119 117 0 5 30 43 31 43 32 43 33 43 34 43
31 73 36 8 120 101 0 5 22 70 23 71 24 72 25 73 26 74
25 6 21 48 121 115 0 5 22 18 21 17 22 16 23 15 24 14
